indentation_app	force_app		indentation_ret	force_ret	
-3.94259643839884	0.0147838354494836		-3.94259643839884	-0.00671992520431064	
-3.85836457089455	0.0122750633732076		-3.85836457089455	-0.00671992520431064	
-3.78784486786771	0.0122750633732076		-3.78784486786771	-0.00671992520431064	
-3.70361300036343	0.0122750633732076		-3.70361300036343	-0.00671992520431064	
-3.63309329733659	0.0101246873078282		-3.62036057317896	-0.00421115312803488	
-3.5488614298323	0.0101246873078282		-3.5488614298323	-0.00887030126969024	
-3.45875292040912	0.00761591523155225		-3.45875292040912	-0.0135294494113456	
-3.37452105290483	0.00510714315527627		-3.37452105290483	-0.0135294494113456	
-3.29714526763927	0.00761591523155225		-3.29714526763927	-0.0135294494113456	
-3.21976948237371	0.00761591523155225		-3.21976948237371	-0.0113790733459662	
-3.14239369710815	0.00761591523155225		-3.14239369710815	-0.0113790733459662	
-3.05816182960386	0.00761591523155225		-3.05816182960386	-0.0135294494113456	
-2.9807860443383	0.00761591523155225		-2.98764212657702	-0.0135294494113456	
-2.90341025907274	0.00761591523155225		-2.90341025907274	-0.0113790733459662	
-2.81917839156845	0.00761591523155225		-2.82603447380718	-0.0113790733459662	
-2.75453533046052	0.00761591523155225		-2.75453533046052	-0.0135294494113456	
-2.67128290327605	0.00761591523155225		-2.67128290327605	-0.0135294494113456	
-2.59292767769067	0.00761591523155225		-2.59978375992939	-0.0113790733459662	
-2.51555189242511	0.00761591523155225		-2.51555189242511	-0.0135294494113456	
-2.43229946524064	0.00761591523155225		-2.43229946524064	-0.0135294494113456	
-2.35492367997508	0.00761591523155225		-2.35492367997508	-0.0113790733459662	
-2.28342453662842	0.00761591523155225		-2.28342453662842	-0.0113790733459662	
-2.19919266912414	0.00761591523155225		-2.19919266912414	-0.0113790733459662	
-2.12181688385857	0.00761591523155225		-2.12181688385857	-0.0113790733459662	
-2.04444109859301	0.00761591523155225		-2.04444109859301	-0.0135294494113456	
-1.96706531332745	0.00761591523155225		-1.96020923108873	-0.0135294494113456	
-1.88968952806189	0.00761591523155225		-1.88283344582317	-0.0135294494113456	
-1.81231374279632	0.0122750633732076		-1.81231374279632	-0.0135294494113456	
-1.73493795753076	0.0122750633732076		-1.73493795753076	-0.00887030126969024	
-1.65070609002648	0.0122750633732076		-1.65070609002648	-0.0113790733459662	
-1.57333030476092	0.0122750633732076		-1.57333030476092	-0.0135294494113456	
-1.50183116141426	0.0122750633732076		-1.49595451949535	-0.0135294494113456	
-1.42445537614869	0.0147838354494836		-1.43131145838742	-0.00887030126969024	
-1.34707959088313	0.0147838354494836		-1.34707959088313	-0.00671992520431064	
-1.27655988785629	0.0194429835911392		-1.27655988785629	-0.00421115312803488	
-1.19918410259073	0.0241021317327945		-1.19918410259073	-0.00421115312803488	
-1.12082887700535	0.0266109038090707		-1.12082887700535	-0.00421115312803488	
-1.03757644982088	0.0312700519507261		-1.03757644982088	-0.00421115312803488	
-0.960200664555319	0.0359292000923814		-0.960200664555319	-0.00671992520431064	
-0.869112714812315	0.043097120310313		-0.875968797051036	-0.00887030126969024	
-0.791736929546753	0.0502650405282445		-0.791736929546753	-0.0135294494113456	
-0.708484502362287	0.0595833368115555		-0.71436114428119	-0.0135294494113456	
-0.636985359015628	0.066751257029487		-0.643841441254348	-0.0113790733459662	
-0.552753491511345	0.0785783253890739		-0.559609573750064	-0.00671992520431064	
-0.488110430403406	0.0853878495961089		-0.488110430403406	-0.00671992520431064	
-0.417590727376564	0.0997236900319718		-0.417590727376564	-0.00421115312803488	
-0.340214942111002	0.114059530467835		-0.340214942111002	-0.00170238105175868	
-0.268715798764343	0.128036974892801		-0.268715798764343	4.47995013620694E-4	
-0.210928819895125	0.139864043252388		-0.204072737656404	0.00761591523155225	
-0.146285758787187	0.154199883688251		-0.146285758787187	0.0122750633732076	
-0.0884987799179688	0.168177328113218		-0.0884987799179688	0.0169342115148632	
-0.0297323607289339	0.18466354461446		-0.0365884429676555	0.0266109038090707	
0.0211985359015623	0.201149761115702		0.0153218939826587	0.0334204280161057	
0.0731088728518765	0.217994373627841		0.0662527906131558	0.043097120310313	
0.11816312756347	0.231971818052808		0.125019209802191	0.0570745647352795	
0.163217382275064	0.241290114336119		0.163217382275064	0.066751257029487	
0.202394995067753	0.260285102913637		0.202394995067753	0.0853878495961089	
0.240593167540625	0.2746209433495		0.234716525621723	0.0972149179556958	
0.26018197393697	0.286448011709087		0.272914698094595	0.116209906533214	
0.279770780333315	0.291107159850743		0.29935958672966	0.132696123034457	
0.29250350449094	0.300425456134053		0.33168111728363	0.14703196347032	
0.324825035044909	0.314761296569916		0.369879289756502	0.163518179971562	
0.369879289756502	0.326588364929503		0.402200820310472	0.175345248331149	
0.389468096152847	0.33841543328909		0.441378433103162	0.194340236908668	
0.428645708945537	0.345224957496125		0.479576605576034	0.212976829475289	
0.454111157260786	0.354901649790333		0.5060214942111	0.227312669911152	
0.479576605576034	0.364219946073644		0.551075748922694	0.241290114336119	
0.499165411972379	0.371387866291575		0.576541197237941	0.260285102913637	
0.518754218368724	0.378555786509507		0.608862727791911	0.27677131941488	
0.538343024765069	0.387874082792818		0.635307616426977	0.295766307992398	
0.563808473080318	0.402209923228681		0.660773064742225	0.319420444711572	
0.596130003634286	0.416187367653647		0.667629146980945	0.33841543328909	
0.621595451949535	0.432673584154889		0.705827319453818	0.357052025855712	
0.6480403405846	0.447009424590752		0.718560043611443	0.383214934651162	
0.660773064742225	0.463495641091995		0.745004932246508	0.399701151152405	
0.686238513057473	0.477473085516961		0.763614298323036	0.423355287871579	
0.705827319453818	0.501127222236135		0.783203104719381	0.444500652514476	
0.731292767769067	0.524781358955309		0.790059186958101	0.470663561309926	
0.750881574165412	0.541267575456551		0.802791911115726	0.489300153876548	
0.763614298323036	0.55811218796869		0.835113441669695	0.508295142454067	
0.783203104719381	0.574598404469933		0.85470224806604	0.524781358955309	
0.795935828877005	0.58642547282952		0.880167696381289	0.546285119609103	
0.809647993354447	0.600402917254486		0.899756502777634	0.562771336110346	
0.82238071751207	0.612229985614073		0.912489226935258	0.583916700753244	
0.860578889984944	0.633375350256971		0.944810757489226	0.610079609548694	
0.887023778620009	0.654879110910766		0.970276205804475	0.628716202115316	
0.905633144696536	0.668856555335732		0.983988370281916	0.654879110910766	
0.919345309173979	0.685342771836974		0.983988370281916	0.678533247629939	
0.944810757489226	0.704337760414493		0.996721094439541	0.702187384349113	
0.951666839727948	0.718673600850356		1.02218654275479	0.725483125057391	
0.964399563885571	0.732651045275322		1.03491926691241	0.746986885711185	
0.983988370281916	0.749137261776565		1.05450807330876	0.765623478277807	
0.996721094439541	0.770641022430359		1.08682960386273	0.789277614996981	
1.00259773635844	0.784618466855325		1.09956232802035	0.80612222750912	
1.02904262499351	0.798954307291188		1.1191511344167	0.827267592152018	
1.04765199107004	0.815440523792431		1.13873994081304	0.84375380865326	
1.06724079746638	0.831926740293673		1.15147266497067	0.864899173296158	
1.09368568610145	0.846262580729536		1.17693811328591	0.886402933949953	
1.12600721665542	0.862748797230779		1.19652691968226	0.90754829859285	
1.13873994081304	0.883894161873676		1.23570453247495	0.928693663235748	
1.15147266497067	0.893212458156988		1.28075878718654	0.943029503671611	
1.17693811328591	0.90969867465823		1.31895695965942	0.961666096238233	
1.20925964383988	0.926543287170369		1.35813457245211	0.976001936674096	
1.22884845023623	0.943029503671611		1.39045610300607	0.990337777109959	
1.24843725663257	0.957006948096578		1.41592155132132	1.00431522153493	
1.28075878718654	0.968834016456165				
1.31895695965942	0.983169856892028				
1.35127849021338	0.987829005033683				
1.37772337884845	0.99965607339327				
1.41004490940242	1.0068239936112				
