-1.061450294940513794e+00
-1.083952044949542115e+00
-1.106485763465376193e+00
-1.129176504215835930e+00
-1.152272732222459295e+00
-1.176171237771441502e+00
-1.201428336499976934e+00
-1.228749069820650464e+00
-1.258948413013690537e+00
-1.292883045583581136e+00
-1.331358324461372700e+00
-1.375021389766763136e+00
-1.424256161737091020e+00
-1.479097843776679744e+00
-1.539182604966903734e+00
-1.603742613254284910e+00
-1.671648834542341033e+00
-1.741495955443410626e+00
-1.811717341524593294e+00
-1.880714355183109365e+00
-1.946983916817373261e+00
-2.009230348559191359e+00
-2.066451285439652619e+00
-2.117991736800544533e+00
-2.163564448370663307e+00
-2.203238120599102068e+00
-2.237397647399132161e+00
-2.266682394179155402e+00
-2.291909733901321022e+00
-2.313991678334556656e+00
-2.333852495466456567e+00
-2.352354667441586500e+00
-2.370239391810252005e+00
-2.388086091641975717e+00
-2.406293200166174984e+00
-2.425080048689979506e+00
-2.444507312541102984e+00
-2.464511475139298025e+00
-2.484947420784036964e+00
-2.505632724080412821e+00
-2.526387502250246886e+00
-2.547064751268215410e+00
-2.567567725636428655e+00
-2.587852922915723219e+00
-2.607919358343208316e+00
-2.627786824954532197e+00
-2.647467507573843637e+00
-2.666936455815168028e+00
-2.686106861867535223e+00
-2.704815733959387902e+00
-2.722824390479776646e+00
-2.739836306376260300e+00
-2.755532403995290647e+00
-2.769621153292200155e+00
-2.781898132928811940e+00
-2.792307316142186746e+00
-2.800994587286883331e+00
-2.808343164019912575e+00
-2.814980998924158317e+00
-2.821752166906246195e+00
-2.829647960645763405e+00
-2.839698976167490674e+00
-2.852836537802997618e+00
-2.869739443819073532e+00
-2.890688595581084819e+00
-2.915455562499785103e+00
-2.943249697673401499e+00
-2.972741287292339774e+00
-3.002166346061666324e+00
-3.029504708521796985e+00
-3.052710469432084128e+00
-3.069965522570625716e+00
-3.079924277855361048e+00
-3.081920143112405253e+00
-3.076110397285817921e+00
-3.063543791647837189e+00
-3.046143259670442305e+00
-3.026603948989014192e+00
-3.008214445808476079e+00
-2.994616681912484424e+00
-2.989527329432616565e+00
-2.996449512271508020e+00
-3.018406774228902023e+00
-3.057729754499008301e+00
-3.115919073888480106e+00
-3.193596282021416766e+00
-3.290540837221064496e+00
-3.405798413220392451e+00
-3.537837379115248648e+00
-3.684727552793825467e+00
-3.844317846539428984e+00
-4.014395386722005021e+00
-4.192815853954434679e+00
-4.377601322257010708e+00
-4.567006746989113353e+00
-4.759559207140058312e+00
-4.954075306491106723e+00
-5.149662258422961436e+00
-5.345707605909120197e+00
-5.541861645326154218e+00
-9.068921471049156136e-01
-9.486277737691445333e-01
-9.903779319753586163e-01
-1.032199020315642590e+00
-1.074202445670881634e+00
-1.116565277153354296e+00
-1.159534957978556768e+00
-1.203424707706858943e+00
-1.248597214910200259e+00
-1.295436001628998968e+00
-1.344306131456598941e+00
-1.395508252548214978e+00
-1.449231776345426992e+00
-1.505513836354034352e+00
-1.564210303833011961e+00
-1.624983598990196398e+00
-1.687309645883667608e+00
-1.750503583449143141e+00
-1.813761314597559071e+00
-1.876212097944304658e+00
-1.936976408218615608e+00
-1.995223230984984442e+00
-2.050221651976027903e+00
-2.101382788880291397e+00
-2.148289517887801203e+00
-2.190712840466590539e+00
-2.228614965316020324e+00
-2.262140168808692398e+00
-2.291595224107295881e+00
-2.317421667944337571e+00
-2.340162431985973512e+00
-2.360425431033639221e+00
-2.378846597509732153e+00
-2.396054602686729318e+00
-2.412639134113513162e+00
-2.429124137075271861e+00
-2.445946917083517302e+00
-2.463443490435912597e+00
-2.481840114058717184e+00
-2.501250571848046000e+00
-2.521678575273568867e+00
-2.543024561421435958e+00
-2.565096226775358090e+00
-2.587622281496146481e+00
-2.610269092274928759e+00
-2.632660041513252835e+00
-2.654397510797288362e+00
-2.675087355158185964e+00
-2.694365548570696323e+00
-2.711926349270412206e+00
-2.727550875691236332e+00
-2.741134439702551884e+00
-2.752710411532357071e+00
-2.762467867634545993e+00
-2.770759897184438270e+00
-2.778099335370601164e+00
-2.785138990719286056e+00
-2.792634280622787291e+00
-2.801387695746655915e+00
-2.812176710641742350e+00
-2.825669530150750841e+00
-2.842336093114476103e+00
-2.862364513364606289e+00
-2.885594933119645322e+00
-2.911482902285731811e+00
-2.939102404552317527e+00
-2.967194491738692985e+00
-2.994261679688336564e+00
-3.018701805404730543e+00
-3.038969174082901237e+00
-3.053746626170963818e+00
-3.062110269635603732e+00
-3.063669121676265483e+00
-3.058664393679582982e+00
-3.048017030863498622e+00
-3.033316833510363075e+00
-3.016751685186169762e+00
-3.000980912882552420e+00
-2.988962436420434798e+00
-2.983748767710053595e+00
-2.988271399222883762e+00
-3.005135688101094882e+00
-3.036447997075193861e+00
-3.083693033481575529e+00
-3.147672330662451667e+00
-3.228505926832453632e+00
-3.325690468400296584e+00
-3.438200153111882873e+00
-3.564613402638994177e+00
-3.703248133457416102e+00
-3.852291247639824778e+00
-4.009912246461475149e+00
-4.174355426350823350e+00
-4.344009037940556262e+00
-4.517452623252353305e+00
-4.693485434422322022e+00
-4.871139564152419332e+00
-5.049681463794399860e+00
-5.228605164232350333e+00
-5.407619965005484808e+00
-7.988873551098498726e-01
-8.532788384089421418e-01
-9.076758598454276461e-01
-9.620996238703931613e-01
-1.016591469141335136e+00
-1.071216085828648135e+00
-1.126062157296392696e+00
-1.181239187692838755e+00
-1.236869691213204447e+00
-1.293076618129160194e+00
-1.349966753123985175e+00
-1.407611667639192099e+00
-1.466028457436246324e+00
-1.525162805475703376e+00
-1.584876807241660135e+00
-1.644943496700283836e+00
-1.705049211459001235e+00
-1.764803983409971355e+00
-1.823759200037999628e+00
-1.881430994910273435e+00
-1.937327290007456959e+00
-1.990976166052210283e+00
-2.041953264980920668e+00
-2.089906178145751969e+00
-2.134574173049815116e+00
-2.175802087986497213e+00
-2.213547717189266351e+00
-2.247882475978711270e+00
-2.278985550826467588e+00
-2.307132092613422447e+00
-2.332676301365272931e+00
-2.356030480382116377e+00
-2.377641310174205991e+00
-2.397964709056004562e+00
-2.417440705836490178e+00
-2.436469746820860927e+00
-2.455391789956239190e+00
-2.474469400904359517e+00
-2.493875860555072599e+00
-2.513689027821366828e+00
-2.533891387966702879e+00
-2.554376372418280638e+00
-2.574960680922065315e+00
-2.595401990972337813e+00
-2.615421120161779633e+00
-2.634727427517859155e+00
-2.653046008022120983e+00
-2.670145054042944111e+00
-2.685861629825578412e+00
-2.700124032813460140e+00
-2.712968905100855643e+00
-2.724551323886775567e+00
-2.735146264890810919e+00
-2.745140129626154391e+00
-2.755011493394263766e+00
-2.765300899482672214e+00
-2.776570413179858754e+00
-2.789354740331898341e+00
-2.804106942642479172e+00
-2.821143018308721828e+00
-2.840590676031867989e+00
-2.862348290253120542e+00
-2.886060067608121393e+00
-2.911112719730260423e+00
-2.936657376509379525e+00
-2.961658179149531112e+00
-2.984966197091656337e+00
-3.005414357075983034e+00
-3.021926344780768048e+00
-3.033630307843892204e+00
-3.039966938036063659e+00
-3.040781297804528105e+00
-3.036388605320158085e+00
-3.027606018054723958e+00
-3.015745113081952589e+00
-3.002563085746794869e+00
-2.990174490164562382e+00
-2.980929378681122621e+00
-2.977267597229799723e+00
-2.981562241027059912e+00
-2.995967242951524057e+00
-3.022284166674735761e+00
-3.061861181247869101e+00
-3.115533045384087263e+00
-3.183605411568387833e+00
-3.265880959010923235e+00
-3.361719950162938897e+00
-3.470124664218168675e+00
-3.589836147530716115e+00
-3.719432628268053431e+00
-3.857421169973136887e+00
-4.002316949568225368e+00
-4.152707296388887137e+00
-4.307299897471747130e+00
-4.464956178350225180e+00
-4.624711814281097233e+00
-4.785786730912438891e+00
-4.947586973078037076e+00
-5.109700605924169636e+00
-5.271889483702942414e+00
-7.648393282998665610e-01
-8.241779951481081889e-01
-8.835179158645937170e-01
-9.428636201545806950e-01
-1.002223366619116485e+00
-1.061608912517738146e+00
-1.121034214165551157e+00
-1.180512750678224254e+00
-1.240053343358846760e+00
-1.299654599504020736e+00
-1.359298395470910137e+00
-1.418943070565420905e+00
-1.478517175081726975e+00
-1.537914663831338125e+00
-1.596992337148682495e+00
-1.655570117967155364e+00
-1.713434451672627867e+00
-1.770344773730517574e+00
-1.826042659596656348e+00
-1.880262995957832084e+00
-1.932746321918343613e+00
-1.983251396999086813e+00
-2.031567058093307843e+00
-2.077522516510347916e+00
-2.120995398722828718e+00
-2.161917027919453282e+00
-2.200274656750229152e+00
-2.236110576968469932e+00
-2.269518235480147972e+00
-2.300635669025134611e+00
-2.329636724864343922e+00
-2.356720658038220950e+00
-2.382100783799993682e+00
-2.405992914178174402e+00
-2.428604318289365072e+00
-2.450123915782193240e+00
-2.470714341676612413e+00
-2.490506410694156347e+00
-2.509596363995753254e+00
-2.528046107470436343e+00
-2.545886456953676102e+00
-2.563123202266216705e+00
-2.579745599933572997e+00
-2.595736715146706342e+00
-2.611084867628135964e+00
-2.625795303227697275e+00
-2.639901121856276678e+00
-2.653472450506009661e+00
-2.666622864904183654e+00
-2.679512141989134122e+00
-2.692344574848959393e+00
-2.705362307983471215e+00
-2.718833456976143648e+00
-2.733035160813888087e+00
-2.748232166557720735e+00
-2.764652042569487378e+00
-2.782458622037378149e+00
-2.801725743588781015e+00
-2.822413720715025942e+00
-2.844351173827986745e+00
-2.867224841911381716e+00
-2.890579715909743719e+00
-2.913831289762298660e+00
-2.936290923328042091e+00
-2.957204298114922913e+00
-2.975801787459838366e+00
-2.991358339085254947e+00
-3.003259273931052853e+00
-3.011067348347390649e+00
-3.014585628511770032e+00
-3.013910315612545077e+00
-3.009467759570700895e+00
-3.002030599270733013e+00
-2.992709306515735967e+00
-2.982917355123217096e+00
-2.974310665628769002e+00
-2.968704674505697749e+00
-2.967975033256115669e+00
-2.973950169415302547e+00
-2.988305327289526137e+00
-3.012467906673629958e+00
-3.047542764711256069e+00
-3.094263736636442275e+00
-3.152974349038592639e+00
-3.223637140475147600e+00
-3.305867821983197175e+00
-3.398988235483056730e+00
-3.502090977228702773e+00
-3.614108628243111188e+00
-3.733881519143755323e+00
-3.860219476323103471e+00
-3.991954672211607047e+00
-4.127984240435607965e+00
-4.267302542727613002e+00
-4.409023826916546263e+00
-4.552396514960298290e+00
-4.696810573363131347e+00
-4.841799427249839027e+00
-4.987037760699231548e+00
-5.132336361490466459e+00
-7.838070528386165137e-01
-8.423774623050218624e-01
-9.009479189210185535e-01
-9.595183722814628613e-01
-1.018088227062045714e+00
-1.076655520627661566e+00
-1.135215620627030297e+00
-1.193759383954744679e+00
-1.252270794331301840e+00
-1.310724190354865204e+00
-1.369081292192538601e+00
-1.427288313897811189e+00
-1.485273492921811656e+00
-1.542945368307693244e+00
-1.600192092324657978e+00
-1.656881973347342329e+00
-1.712865333650962052e+00
-1.767977641108163578e+00
-1.822043755465747150e+00
-1.874883032296232876e+00
-1.926314960714154090e+00
-1.976164979104393815e+00
-2.024270116012970355e+00
-2.070484136598222058e+00
-2.114681931641083423e+00
-2.156762957912940148e+00
-2.196653617589128693e+00
-2.234308543167039751e+00
-2.269710827170241529e+00
-2.302871298495965391e+00
-2.333826996745813620e+00
-2.362639030661096484e+00
-2.389390026240187037e+00
-2.414181374366162647e+00
-2.437130477501319170e+00
-2.458368171339059494e+00
-2.478036461763175158e+00
-2.496286671954267788e+00
-2.513278041312227540e+00
-2.529176759772659544e+00
-2.544155361270993509e+00
-2.558392342173818612e+00
-2.572071818463411041e+00
-2.585382993629163906e+00
-2.598519182022776430e+00
-2.611676124212397809e+00
-2.625049345561677683e+00
-2.638830350001950542e+00
-2.653201509624505849e+00
-2.668329607354885447e+00
-2.684358112305943234e+00
-2.701398410385054571e+00
-2.719520368276316269e+00
-2.738742766019179431e+00
-2.759024278630458404e+00
-2.780255805706291383e+00
-2.802255024800252237e+00
-2.824764066298479648e+00
-2.847451164336329832e+00
-2.869917024123052052e+00
-2.891706459620217551e+00
-2.912325599794216124e+00
-2.931264642533260911e+00
-2.948025760195511769e+00
-2.962155337758967111e+00
-2.973279263528470828e+00
-2.981139508790643156e+00
-2.985629754613399633e+00
-2.986827399334300637e+00
-2.985018981977325403e+00
-2.980715977982922205e+00
-2.974658161489256436e+00
-2.967802358257582096e+00
-2.961295459121886964e+00
-2.956431974309404964e+00
-2.954598047288902851e+00
-2.957205498704810864e+00
-2.965620873606130470e+00
-2.981095355028248406e+00
-3.004701579582445881e+00
-3.037282758471884225e+00
-3.079418136419069363e+00
-3.131406930039426495e+00
-3.193270802140250719e+00
-3.264773003744589897e+00
-3.345450847821181739e+00
-3.434657341111627460e+00
-3.531607619506936580e+00
-3.635426207316392322e+00
-3.745191872622090301e+00
-3.859977780015943161e+00
-3.978885574377207135e+00
-4.101072842899079696e+00
-4.225774032924197066e+00
-4.352315334872916885e+00
-4.480124290719033731e+00
-4.608734994796246376e+00
-4.737789755956552717e+00
-4.867038025915881860e+00
-4.996333298542757539e+00
-8.154865599709897328e-01
-8.725839440301138561e-01
-9.296810722724410114e-01
-9.867767592748278860e-01
-1.043868246357993357e+00
-1.100950279617005867e+00
-1.158013876757122418e+00
-1.215044783222824831e+00
-1.272021661846146623e+00
-1.328914108239208414e+00
-1.385680628621181132e+00
-1.442266749903031053e+00
-1.498603447508072284e+00
-1.554606071305103976e+00
-1.610173924286680602e+00
-1.665190605525407541e+00
-1.719525174135579926e+00
-1.773034131314078055e+00
-1.825564159890180171e+00
-1.876955511012322386e+00
-1.927045889770316434e+00
-1.975674667834776965e+00
-2.022687241818687198e+00
-2.067939359683578893e+00
-2.111301251693560754e+00
-2.152661424167285009e+00
-2.191930000492732233e+00
-2.229041521710550811e+00
-2.263957146083405370e+00
-2.296666211693764392e+00
-2.327187147105197695e+00
-2.355567731897473926e+00
-2.381884721330694621e+00
-2.406242857767242782e+00
-2.428773296317380925e+00
-2.449631474204185810e+00
-2.468994453426011315e+00
-2.487057765371782025e+00
-2.504031785102789343e+00
-2.520137663052093746e+00
-2.535602843881593405e+00
-2.550656207078735971e+00
-2.565522872341191807e+00
-2.580418725457147566e+00
-2.595544737522859968e+00
-2.611081171855976546e+00
-2.627181798319727424e+00
-2.643968262922407053e+00
-2.661524789935393542e+00
-2.679893422345154708e+00
-2.699070031816219739e+00
-2.719001348886163960e+00
-2.739583275239711124e+00
-2.760660740247532274e+00
-2.782029351568972242e+00
-2.803439063137470377e+00
-2.824600042503544017e+00
-2.845190863039670504e+00
-2.864869074938539484e+00
-2.883284122262706806e+00
-2.900092471175298670e+00
-2.914974695940046878e+00
-2.927654132756001726e+00
-2.937916555257157114e+00
-2.945630148851806407e+00
-2.950764866551031318e+00
-2.953410045809246487e+00
-2.953788974458881444e+00
-2.952268949011436661e+00
-2.949365320249928590e+00
-2.945738127612306023e+00
-2.942180238347794852e+00
-2.939596457657162265e+00
-2.938973845506016591e+00
-2.941344392725469437e+00
-2.947742149680560697e+00
-2.959157709240511025e+00
-2.976493466362374996e+00
-3.000523191409920631e+00
-3.031859115225336243e+00
-3.070928969002985731e+00
-3.117964370201917745e+00
-3.173000770524377678e+00
-3.235888070876439038e+00
-3.306310120768130023e+00
-3.383810756204112202e+00
-3.467823819414841413e+00
-3.557704709507318430e+00
-3.652761354780753589e+00
-3.752282976286001048e+00
-3.855565534275598782e+00
-3.961933240741176032e+00
-4.070755935059740871e+00
-4.181462434211683288e+00
-4.293550182535453175e+00
-4.406591650064273225e+00
-4.520237981190640575e+00
-4.634220396293432742e+00
-4.748349815955231534e+00
-4.862515125160041585e+00
-9.326201925244282931e-01
-9.832962052708710265e-01
-1.033971958570911287e+00
-1.084646303560775626e+00
-1.135316661862990628e+00
-1.185978288683938064e+00
-1.236623328629653518e+00
-1.287239677544310901e+00
-1.337809691756449926e+00
-1.388308814609587660e+00
-1.438704214755219146e+00
-1.488953547513657050e+00
-1.539003956897466274e+00
-1.588791430431831575e+00
-1.638240602144929836e+00
-1.687265072952857992e+00
-1.735768285088977514e+00
-1.783644951706413462e+00
-1.830783007783445271e+00
-1.877066016999856535e+00
-1.922375943589686109e+00
-1.966596179680579093e+00
-2.009614707784509235e+00
-2.051327274626219666e+00
-2.091640455526615927e+00
-2.130474496882656776e+00
-2.167765836536235113e+00
-2.203469216657837126e+00
-2.237559319991277551e+00
-2.270031876944983207e+00
-2.300904207363736464e+00
-2.330215176419158318e+00
-2.358024558691295347e+00
-2.384411818134221317e+00
-2.409474324313281901e+00
-2.433325037236513388e+00
-2.456089704472523394e+00
-2.477903625231350659e+00
-2.498908046811957107e+00
-2.519246269339633582e+00
-2.539059544980760919e+00
-2.558482867676442396e+00
-2.577640758620295180e+00
-2.596643160863898903e+00
-2.615581563136887944e+00
-2.634525477743256072e+00
-2.653519399757946484e+00
-2.672580374244889700e+00
-2.691696294463310046e+00
-2.710825046736011323e+00
-2.729894606651768196e+00
-2.748804176514766162e+00
-2.767426435491098236e+00
-2.785610951854348372e+00
-2.803188781225095738e+00
-2.819978245793897109e+00
-2.835791857132608840e+00
-2.850444309039723123e+00
-2.863761426373407470e+00
-2.875589910173709463e+00
-2.885807667531102627e+00
-2.894334455559070651e+00
-2.901142501712413502e+00
-2.906266687662389270e+00
-2.909813802834105179e+00
-2.911970291362353080e+00
-2.913007842039817774e+00
-2.913286120348670405e+00
-2.913251937099063049e+00
-2.913434216568202562e+00
-2.914434294545371174e+00
-2.916911359413427274e+00
-2.921563242643212543e+00
-2.929103235777354985e+00
-2.940234097568592553e+00
-2.955620836882270286e+00
-2.975864132371458748e+00
-3.001476316148314449e+00
-3.032861679447664827e+00
-3.070302471767797137e+00
-3.113951420188812325e+00
-3.163830978471787070e+00
-3.219838919274268907e+00
-3.281759387967701169e+00
-3.349278196714142730e+00
-3.422000973126142043e+00
-3.499472778572222165e+00
-3.581197944019915536e+00
-3.666659091703074580e+00
-3.755334573229903494e+00
-3.846713819970643211e+00
-3.940310341358778334e+00
-4.035672304398976173e+00
-4.132390776703739554e+00
-4.230105816916053918e+00
-4.328510656350377239e+00
-4.427354242341802859e+00
-4.526442415829674992e+00
-4.625637981085253259e+00
-4.724859900853596528e+00
-1.067443867379520794e+00
-1.110266752065922180e+00
-1.153089517108954354e+00
-1.195911633268962770e+00
-1.238731913489229841e+00
-1.281548173842647520e+00
-1.324356797907935812e+00
-1.367152209080639391e+00
-1.409926267485539730e+00
-1.452667620615612165e+00
-1.495361047786709197e+00
-1.537986846335681834e+00
-1.580520311008334344e+00
-1.622931356595940677e+00
-1.665184327654489538e+00
-1.707238028740066582e+00
-1.749045995121516484e+00
-1.790557008745619960e+00
-1.831715848745197217e+00
-1.872464251297461413e+00
-1.912742041219284150e+00
-1.952488388075717118e+00
-1.991643133191932202e+00
-2.030148130897467151e+00
-2.067948547433984707e+00
-2.104994063867628551e+00
-2.141239934585248417e+00
-2.176647859984147004e+00
-2.211186640249823032e+00
-2.244832586156518595e+00
-2.277569672187456096e+00
-2.309389426599188333e+00
-2.340290562070617142e+00
-2.370278359078454411e+00
-2.399363821985800893e+00
-2.427562634926594409e+00
-2.454893950858402007e+00
-2.481379052604453683e+00
-2.507039929290022950e+00
-2.531897815279958941e+00
-2.555971741524321494e+00
-2.579277151095864973e+00
-2.601824631631298512e+00
-2.623618817340388265e+00
-2.644657512195236038e+00
-2.664931083830186953e+00
-2.684422174547089313e+00
-2.703105771609963792e+00
-2.720949673706986705e+00
-2.737915384031978316e+00
-2.753959452858770973e+00
-2.769035283698753069e+00
-2.783095407067155413e+00
-2.796094214424595048e+00
-2.807991131852273448e+00
-2.818754198262398258e+00
-2.828363996199906083e+00
-2.836817864293421199e+00
-2.844134298907905922e+00
-2.850357428351121492e+00
-2.855561416061568547e+00
-2.859854619822197463e+00
-2.863383302955352150e+00
-2.866334662168082748e+00
-2.868938907844997832e+00
-2.871470110267561715e+00
-2.874245515566108189e+00
-2.877623046433022580e+00
-2.881996744689723222e+00
-2.887789995648412322e+00
-2.895446504497575901e+00
-2.905419171656207666e+00
-2.918157224607378808e+00
-2.934092182776146807e+00
-2.953623424533819541e+00
-2.977104254083730250e+00
-3.004829400795688166e+00
-3.037024810261719665e+00
-3.073840410875662066e+00
-3.115346287089772126e+00
-3.161532398688223555e+00
-3.212311696654553295e+00
-3.267526238070034506e+00
-3.326955721353061168e+00
-3.390327761237835524e+00
-3.457329198735953124e+00
-3.527617782942652713e+00
-3.600833650818060505e+00
-3.676610148094424879e+00
-3.754583661005428397e+00
-3.834402250178891691e+00
-3.915732984999580335e+00
-3.998267963735971708e+00
-4.081729070134542781e+00
-4.165871562075873058e+00
-4.250486614940786723e+00
-4.335402954989965529e+00
-4.420487719873679389e+00
-4.505646677627085595e+00
-4.590823924933829403e+00
-1.121389169450439871e+00
-1.161378914384609384e+00
-1.201368608179902209e+00
-1.241358023213238626e+00
-1.281346645772067250e+00
-1.321333523871041526e+00
-1.361317067714123974e+00
-1.401294801737812401e+00
-1.441263071815393371e+00
-1.481216716203950234e+00
-1.521148713514556272e+00
-1.561049824755525783e+00
-1.600908248850398286e+00
-1.640709311683093308e+00
-1.680435207618023341e+00
-1.720064809741987499e+00
-1.759573561104755601e+00
-1.798933454430273526e+00
-1.838113102605314131e+00
-1.877077897184180610e+00
-1.915790247570206217e+00
-1.954209889747920315e+00
-1.992294250638572795e+00
-2.029998852426215805e+00
-2.067277740548267850e+00
-2.104083919384894585e+00
-2.140369780882821260e+00
-2.176087513245465566e+00
-2.211189479232392063e+00
-2.245628556358045369e+00
-2.279358434196343541e+00
-2.312333866938023341e+00
-2.344510882190182333e+00
-2.375846949656379437e+00
-2.406301115719805761e+00
-2.435834112022510656e+00
-2.464408447860492846e+00
-2.491988497582743545e+00
-2.518540595188579090e+00
-2.544033148965847424e+00
-2.568436789311378199e+00
-2.591724562834150536e+00
-2.613872185469890752e+00
-2.634858366638655358e+00
-2.654665215454873994e+00
-2.673278738646227559e+00
-2.690689438139838074e+00
-2.706893014209002857e+00
-2.721891177609424339e+00
-2.735692571229353387e+00
-2.748313798383058337e+00
-2.759780550933534915e+00
-2.770128825874856204e+00
-2.779406213772036338e+00
-2.787673236486440498e+00
-2.795004704860973188e+00
-2.801491059481569845e+00
-2.807239649294247741e+00
-2.812375893832626428e+00
-2.817044265291040794e+00
-2.821409016993490670e+00
-2.825654575476861829e+00
-2.829985505193704842e+00
-2.834625948828317643e+00
-2.839818443888862287e+00
-2.845822019539622882e+00
-2.852909489037095625e+00
-2.861363875525964495e+00
-2.871473945284019891e+00
-2.883528874928247721e+00
-2.897812147597123023e+00
-2.914594853996874235e+00
-2.934128659058739874e+00
-2.956638771175150282e+00
-2.982317303939110875e+00
-3.011317436980261775e+00
-3.043748755219543245e+00
-3.079674074881709522e+00
-3.119107958348097398e+00
-3.162016993115679853e+00
-3.208321780311545801e+00
-3.257900462022711441e+00
-3.310593526793721431e+00
-3.366209576032337836e+00
-3.424531711941773970e+00
-3.485324216342104542e+00
-3.548339222564340645e+00
-3.613323131326598325e+00
-3.680022578098676611e+00
-3.748189817082952402e+00
-3.817587440470666671e+00
-3.887992397802969347e+00
-3.959199317464313417e+00
-4.031023160262670046e+00
-4.103301254322655467e+00
-4.175894772295690949e+00
-4.248689717582023739e+00
-4.321597487295324669e+00
-4.394555077399726173e+00
-4.467524990940200169e+00
-1.250942046337007341e+00
-1.286605094185596654e+00
-1.322268111241470478e+00
-1.357930959320194475e+00
-1.393593324087178287e+00
-1.429254617768007218e+00
-1.464913848717805278e+00
-1.500569455018834875e+00
-1.536219101721724156e+00
-1.571859444201565426e+00
-1.607485863043210950e+00
-1.643092178571297080e+00
-1.678670355315983631e+00
-1.714210208153233772e+00
-1.749699122476366275e+00
-1.785121800540386827e+00
-1.820460045153787565e+00
-1.855692590317443491e+00
-1.890794986406074241e+00
-1.925739545244602446e+00
-1.960495348130062654e+00
-1.995028317645336946e+00
-2.029301352126127167e+00
-2.063274519962300602e+00
-2.096905309587853150e+00
-2.130148930056595891e+00
-2.162958656503024102e+00
-2.195286214519325707e+00
-2.227082197496143223e+00
-2.258296511224766157e+00
-2.288878840487313937e+00
-2.318779132915446350e+00
-2.347948096027260512e+00
-2.376337704011564078e+00
-2.403901711480313175e+00
-2.430596172021642687e+00
-2.456379959931807466e+00
-2.481215293964164292e+00
-2.505068262291397563e+00
-2.527909348121632593e+00
-2.549713955530686249e+00
-2.570462935064306009e+00
-2.590143108519581183e+00
-2.608747792028180523e+00
-2.626277316129856043e+00
-2.642739540936736464e+00
-2.658150363740848121e+00
-2.672534215502315735e+00
-2.685924541567322521e+00
-2.698364260697577954e+00
-2.709906195043267907e+00
-2.720613462059377596e+00
-2.730559817556699187e+00
-2.739829937107828961e+00
-2.748519620920665929e+00
-2.756735905088474770e+00
-2.764597059887851760e+00
-2.772232453611171099e+00
-2.779782258407670792e+00
-2.787396972926088345e+00
-2.795236735407828466e+00
-2.803470400535233331e+00
-2.812274354122310527e+00
-2.821831042048489557e+00
-2.832327194169048656e+00
-2.843951730872422701e+00
-2.856893350165642165e+00
-2.871337807359276351e+00
-2.887464918170725259e+00
-2.905445339497751078e+00
-2.925437209434103902e+00
-2.947582757107052753e+00
-2.972005019836926110e+00
-2.998804825002192587e+00
-3.028058201762782620e+00
-3.059814379655372285e+00
-3.094094505777649662e+00
-3.130891171724442756e+00
-3.170168790388230740e+00
-3.211864807749054584e+00
-3.255891682763087491e+00
-3.302139525303818601e+00
-3.350479251743951004e+00
-3.400766101799980401e+00
-3.452843358160054610e+00
-3.506546120033011249e+00
-3.561705000019070866e+00
-3.618149637265084539e+00
-3.675711945623110655e+00
-3.734229040936211774e+00
-3.793545814789001991e+00
-3.853517141945829838e+00
-3.914009724731362549e+00
-3.974903589736169529e+00
-4.036093260731125731e+00
-4.097488637021623248e+00
-4.159015609226612398e+00
-4.220616445199405931e+00
-4.282249978047692807e+00
-4.343891626420787411e+00
-1.539864252313908111e+00
-1.565501699875313291e+00
-1.591139133718415755e+00
-1.616776491729541076e+00
-1.642413631470500235e+00
-1.668050284283970841e+00
-1.693685992720565858e+00
-1.719320029249853610e+00
-1.744951295251496504e+00
-1.770578200585325668e+00
-1.796198525482303188e+00
-1.821809267938360843e+00
-1.847406481093692543e+00
-1.872985106129655186e+00
-1.898538806938118828e+00
-1.924059813177268374e+00
-1.949538778323882005e+00
-1.974964658995892242e+00
-2.000324621203434905e+00
-2.025603978357291446e+00
-2.050786164890870733e+00
-2.075852748303658402e+00
-2.100783481371283568e+00
-2.125556395240673524e+00
-2.150147933177345649e+00
-2.174533123883085395e+00
-2.198685792572595332e+00
-2.222578807394217204e+00
-2.246184358301713591e+00
-2.269474265124569179e+00
-2.292420311332184824e+00
-2.314994599828685828e+00
-2.337169927034289607e+00
-2.358920171490139772e+00
-2.380220693250301167e+00
-2.401048740382098590e+00
-2.421383858970201697e+00
-2.441208303098257204e+00
-2.460507441353421143e+00
-2.479270156454360219e+00
-2.497489234634323374e+00
-2.515161741411286123e+00
-2.532289380342112484e+00
-2.548878831283660773e+00
-2.564942064568787483e+00
-2.580496627348696670e+00
-2.595565898156022122e+00
-2.610179305507995817e+00
-2.624372506100489222e+00
-2.638187517848069152e+00
-2.651672802711318333e+00
-2.664883293932070352e+00
-2.677880361984536162e+00
-2.690731713263840419e+00
-2.703511215295671288e+00
-2.716298642088660120e+00
-2.729179333197342849e+00
-2.742243760156581445e+00
-2.755586994233604425e+00
-2.769308069974337538e+00
-2.783509239858231954e+00
-2.798295116592045773e+00
-2.813771701251429391e+00
-2.830045297717280750e+00
-2.847221316766467947e+00
-2.865402976898872911e+00
-2.884689913668633032e+00
-2.905176715090926898e+00
-2.926951407713922038e+00
-2.950093926104906839e+00
-2.974674607392970849e+00
-3.000752761249890099e+00
-3.028375372882182059e+00
-3.057576000539897532e+00
-3.088373928097447596e+00
-3.120773626388617217e+00
-3.154764564124052484e+00
-3.190321391443350585e+00
-3.227404498443406489e+00
-3.265960929864138329e+00
-3.305925617956339213e+00
-3.347222880370800624e+00
-3.389768119891167331e+00
-3.433469658343141440e+00
-3.478230637670970182e+00
-3.523950926075178458e+00
-3.570528975071125988e+00
-3.617863583118499982e+00
-3.665855531961886626e+00
-3.714409072099627007e+00
-3.763433243203899714e+00
-3.812843023439890011e+00
-3.862560308281878463e+00
-3.912514724572477842e+00
-3.962644289309258827e+00
-4.012895925134041697e+00
-4.063225845943299497e+00
-4.113599826640698787e+00
-4.163993371011771139e+00
-4.214391791191973269e+00
